ROI_ID	Mean_Thickness(mm)	GM_Volume(mm^3)	CSF_Volume(mm^3)	WM_Volume(mm^3)	Total_Volume(GM+WM)(mm^3)	Cortical_Area_mid(mm^2)	Cortical_Area_inner(mm^2)	Cortical_Area_pial(mm^2)
1	NaN	0.000000	268833.234390	0.000000	268833.234390	0.000000	0.000000	0.000000
2	NaN	658827.049965	0.000000	0.000000	658827.049965	0.000000	0.000000	0.000000
3	0.000000	0.000000	0.000000	526886.282579	526886.282579	0.000000	0.000000	0.000000
120	4.953890	30123.115926	14626.007713	15060.978291	45184.094217	7784.503431	6404.738381	10354.095923
121	5.205464	31272.205212	13576.711761	15922.774988	47194.980200	7928.734759	6347.913397	10784.801314
130	4.687040	15258.148958	6423.800880	7495.591104	22753.740062	4196.448583	3380.276011	5897.244827
131	4.764551	14622.517723	5844.303580	7245.059591	21867.577314	3977.516865	3233.022681	5464.074003
142	4.385613	4489.968953	1589.027553	2374.483767	6864.452720	1271.730847	1112.611721	1634.064042
143	4.460595	4729.227066	1485.183678	2845.549549	7574.776615	1353.361786	1223.267245	1752.257603
144	4.582699	7838.995886	3486.041222	4291.823396	12130.819282	2218.880087	1837.069941	3042.615937
145	4.696044	6324.958908	2625.045066	3180.926417	9505.885326	1770.668695	1535.767253	2340.052733
146	5.074263	1858.098592	649.341816	844.159700	2702.258292	500.012492	488.222955	633.681052
147	4.721753	2395.435763	823.193252	746.101113	3141.536876	655.881727	517.758632	919.505023
150	4.032483	14425.906081	6111.130565	8986.304307	23412.210387	4432.138331	3849.632102	5474.089507
151	3.850656	12813.013549	4621.364303	7230.472944	20043.486493	4059.378011	3409.094832	5196.203917
162	5.862021	2895.860421	1717.996463	1029.333298	3925.193719	672.601377	453.760786	1051.413024
163	6.331131	2349.642227	1155.037995	890.969920	3240.612146	548.467792	401.959664	899.401572
164	4.893679	4913.134677	1430.242704	1777.602881	6690.737558	1373.451588	1070.894838	1905.422906
165	4.728088	4758.528515	940.709603	2032.052131	6790.580646	1397.117248	1148.675404	1807.573867
166	4.740146	3319.418361	1240.371129	1586.140709	4905.559069	956.804490	811.138627	1268.746591
167	3.492703	2339.660362	829.787562	1419.052224	3758.712587	871.320576	750.381119	1085.325367
168	5.519980	2730.377472	1067.567759	1170.934929	3901.312402	678.381990	610.608448	905.136060
169	5.303400	2741.352953	873.139009	1117.648190	3859.001144	717.753952	629.089824	951.915793
170	4.948605	3487.539634	1259.534104	1402.846460	4890.386094	958.087237	778.364802	1327.837291
171	5.059225	3936.460729	1535.607606	1549.001892	5485.462621	1124.407888	882.499715	1563.344672
172	5.413786	3353.263088	1938.272195	1057.884922	4411.148009	879.018564	583.377555	1328.220072
173	5.413750	1976.657996	795.539159	742.992959	2719.650954	517.206182	340.357138	828.843251
182	4.213601	3467.216897	1923.793704	3218.079676	6685.296573	1091.461353	1093.295982	1266.472808
183	4.329779	3802.578273	1742.567776	2621.054215	6423.632488	1258.009984	1024.100232	1671.259624
184	4.249499	13518.609093	3099.741443	5866.630190	19385.239283	3942.054262	3712.725545	4804.265297
185	4.200400	13408.277222	2509.380142	6938.393373	20346.670595	4594.886531	4401.096147	5645.057198
186	5.752083	165.664831	50.040937	19.704240	185.369071	64.372502	46.978956	95.159741
187	4.976031	121.442629	45.703681	1.763696	123.206324	50.560890	57.132199	50.464012
222	3.745931	12164.560940	6878.365221	7707.364702	19871.925642	4436.657443	3826.416369	5721.308680
223	3.995048	10807.808817	4400.409171	7924.472758	18732.281575	3631.885242	3174.719115	4764.295249
224	4.806809	13516.953983	5268.313579	6709.503260	20226.457243	3568.343718	3210.183491	4683.600505
225	4.184827	11577.650968	3481.722670	6942.817072	18520.468040	3316.660496	2775.146188	4507.957167
226	4.535653	14277.968783	5401.810553	5877.501488	20155.470271	3991.968123	3276.553211	5476.004547
227	4.590067	10254.138934	4121.860453	4067.111208	14321.250143	2833.805917	2169.059602	3938.997722
228	3.948545	10918.613500	5607.836923	5116.640276	16035.253775	3820.001930	3333.342201	5020.218122
229	3.549448	10267.539618	4991.391853	6341.599225	16609.138844	3823.728812	3393.113756	4887.132464
242	4.306889	10189.548635	3895.831276	4864.460700	15054.009336	2974.269559	2547.041889	3995.971401
243	3.980912	10731.309657	3655.156237	6587.634783	17318.944439	3627.263481	3234.557080	4651.678407
310	5.732083	12519.057595	4368.733615	3437.269446	15956.327041	2729.919741	1785.700124	4292.545913
311	6.172942	11845.182050	3635.165509	3059.853039	14905.035089	2182.568585	1192.481062	3794.242012
322	4.492195	12902.971168	4898.703543	5409.486038	18312.457205	3507.088840	3126.091420	4402.383153
323	4.556377	11135.593511	3512.795657	4659.221455	15794.814966	3084.650076	2646.637437	4002.467961
324	4.184642	1708.844042	665.769839	895.856225	2604.700266	587.638004	578.051282	684.258183
325	4.186452	1799.077716	441.654310	991.168078	2790.245794	637.894678	599.836526	739.667492
326	5.011060	16743.514226	5454.403347	5818.533330	22562.047557	4115.032995	3168.825497	5942.338404
327	4.773637	19121.884162	4678.134110	7333.952733	26455.836894	5003.431346	4085.451783	7021.319768
328	5.297149	12730.259793	3381.534203	4297.056662	17027.316455	2839.823150	2214.070033	4008.778494
329	5.073095	13196.489270	3803.050847	5006.640593	18203.129863	3231.940515	2546.448135	4565.808760
330	3.955611	8951.352067	1253.810546	4756.007869	13707.359937	2723.418698	2632.050042	3240.521120
331	4.281660	9502.007123	1415.110306	5340.803096	14842.810218	2848.159234	2629.255302	3628.063967
342	4.543414	5537.278064	1542.948240	2047.563990	7584.842054	1186.932637	870.071248	1612.039800
343	4.061185	3310.679814	912.099238	1751.581141	5062.260955	1118.108449	800.374090	1634.167363
344	NaN	2633.664350	504.687603	540.428165	3174.092515	0.000000	0.000000	0.000000
345	NaN	2294.522345	390.588718	584.029043	2878.551388	0.000000	0.000000	0.000000
346	NaN	957.860966	32.743305	187.775767	1145.636733	0.000000	0.000000	0.000000
347	NaN	728.395408	18.038203	201.856419	930.251828	0.000000	0.000000	0.000000
422	2.639458	2151.311372	1340.733849	1955.634954	4106.946326	1140.018477	1050.675755	1352.948322
423	2.736541	1301.607776	746.245336	1348.966997	2650.574773	731.923255	688.680938	895.959855
424	4.792845	4236.080681	1496.306242	1896.493323	6132.574004	1259.025044	1008.947891	1716.474954
425	3.959979	6025.603753	2195.169880	3964.686760	9990.290513	2082.742684	1861.806082	2618.724450
442	3.463679	5276.080977	1819.252407	3385.066955	8661.147932	1990.652633	1723.716871	2532.015572
443	3.492549	2392.813120	966.275468	1811.951579	4204.764699	1016.624907	880.574991	1378.014564
444	2.557766	6533.187850	1482.852515	7188.520125	13721.707975	3441.998093	3157.049007	4160.990946
445	2.571744	4933.653198	1380.478641	5291.448535	10225.101733	2766.594430	2537.393450	3410.715704
446	2.698064	5818.734376	2585.637097	5547.328978	11366.063354	2918.904272	2762.916847	3339.749343
447	2.649494	4345.719504	1733.609507	5640.631368	9986.350871	2647.409969	2636.135795	3056.098352
500	4.984784	6254.708580	1130.666006	1397.945698	7652.654277	1690.231402	1630.275349	2058.830789
501	4.949948	5902.477392	955.566637	994.276225	6896.753617	1551.415435	1414.433040	1908.403584
612	0.000000	2501.634947	818.507774	1112.747422	3614.382369	0.000000	0.000000	0.000000
613	0.000000	2612.487492	674.145005	1279.257650	3891.745143	0.000000	0.000000	0.000000
614	0.000000	1793.302673	0.000000	2586.387468	4379.690141	0.000000	0.000000	0.000000
615	0.000000	1566.005144	0.387956	2068.497017	3634.502161	0.000000	0.000000	0.000000
616	0.000000	64.331524	-0.000000	1677.968532	1742.300056	0.000000	0.000000	0.000000
617	0.000000	67.468592	-0.000000	1428.781456	1496.250048	0.000000	0.000000	0.000000
620	0.000000	125.887395	0.000000	85.582612	211.470007	0.000000	0.000000	0.000000
621	0.000000	78.441089	-0.000000	66.528916	144.970005	0.000000	0.000000	0.000000
630	0.000000	236.725554	-0.000000	465.514469	702.240023	0.000000	0.000000	0.000000
631	0.000000	214.621532	0.000000	363.928486	578.550019	0.000000	0.000000	0.000000
640	0.000000	2559.914359	740.379545	3736.736323	6296.650682	0.000000	0.000000	0.000000
641	0.000000	2407.010968	809.406212	4178.383059	6585.394027	0.000000	0.000000	0.000000
650	0.000000	843.371839	204.480260	796.857961	1640.229800	0.000000	0.000000	0.000000
651	0.000000	790.841882	276.656632	536.481538	1327.323420	0.000000	0.000000	0.000000
660	0.000000	63.274166	64.029967	207.855878	271.130044	0.000000	0.000000	0.000000
661	0.000000	46.589644	38.342424	242.247943	288.837586	0.000000	0.000000	0.000000
662	0.000000	44.374497	45.834201	58.751307	103.125803	0.000000	0.000000	0.000000
663	0.000000	44.278929	41.795203	84.165873	128.444802	0.000000	0.000000	0.000000
670	0.000000	79.858431	347.693214	72.528372	152.386802	0.000000	0.000000	0.000000
671	0.000000	47.509814	261.382695	86.117504	133.627317	0.000000	0.000000	0.000000
680	0.000000	61.109430	138.564055	83.616524	144.725954	0.000000	0.000000	0.000000
681	0.000000	61.233050	153.836631	86.840329	148.073379	0.000000	0.000000	0.000000
690	0.000000	23.891135	50.603323	17.275544	41.166680	0.000000	0.000000	0.000000
691	0.000000	22.189996	55.470441	16.769566	38.959562	0.000000	0.000000	0.000000
701	0.000000	398.357903	5820.765667	71.776633	470.134536	0.000000	0.000000	0.000000
720	0.000000	474.032730	6291.272706	72.224785	546.257515	0.000000	0.000000	0.000000
740	0.000000	1457.260605	5014.620801	904.298832	2361.559437	0.000000	0.000000	0.000000
800	0.000000	5149.877386	6933.086262	23938.757514	29088.634900	0.000000	0.000000	0.000000
900	0.000000	81927.764590	32608.123779	43501.366731	125429.131320	0.000000	0.000000	0.000000
2000	0.000000	16129.418591	14982.202612	167510.585206	183640.003797	0.000000	0.000000	0.000000
